31
5
1000
30
62 101 189 80 114 233 143 165 164 98 91 58 298 64 55 64 225 124 186 113 283 144 256 259 182 116 163 181 259 159 
0 7160 25366 14064 17252 16032 16059 8803 13730 11643 8546 3570 15771 29355 12667 22001 15051 25026 30291 9819 25451 3530 11476 10436 16344 19711 11607 6181 11320 3825 19804 
5081 0 22992 10416 20425 17972 18837 5003 10082 14569 11320 7961 13523 25503 9362 26580 11403 22490 27592 12663 29902 7921 9228 14887 19122 17902 9793 2727 7672 3308 16156 
27194 22732 0 16142 43409 33327 37964 20472 18123 36815 32893 27115 40348 4112 25507 20202 23656 5735 5111 34791 24802 26990 31356 30803 41788 8822 14285 24857 19882 23390 9007 
15010 10548 15863 0 36442 25010 29903 6800 1199 24055 20847 15250 23038 18374 11835 23740 9984 13776 20463 22807 30198 15125 18743 19414 29051 12692 7984 12673 6210 11079 7889 
17599 20920 43873 36483 0 12114 7578 24378 36149 15227 13358 16780 23175 42001 21942 25915 31512 43550 48651 11472 27343 16256 18971 14179 3351 36730 35197 18171 33005 21496 42223 
17178 20965 34121 24688 12641 0 3779 19443 24354 24640 11290 12849 29773 33497 26472 16163 25675 33619 38721 16756 18394 12233 25281 6002 11733 27396 22247 20299 21944 17765 30418 
17128 20942 37643 29319 10975 2958 0 23907 28985 24208 11436 14730 29341 36889 26292 22316 29604 39356 42243 16324 24547 14206 25046 11855 7643 30370 28174 20276 29936 21025 36155 
10545 6085 18282 6312 25494 20647 24301 0 5978 20048 15354 10864 19002 20793 10575 22482 8724 17780 22882 18342 28122 10735 14707 15037 24587 16053 6726 8212 4993 6806 12099 
14676 10214 17557 1199 36108 24676 28433 6466 0 23721 20914 14916 22704 20068 11501 25766 9650 15470 22157 22473 30966 14791 18409 19080 28718 14386 9723 12339 5876 10745 9583 
10783 14516 35470 23068 15202 22830 22786 17481 22560 0 17068 14654 10156 37981 15538 32778 18850 34968 40070 8358 36228 14614 6769 22762 18555 33437 22468 11767 20343 15101 28634 
7605 11424 32366 19791 11480 9421 10287 14395 19457 16370 0 7162 20024 34877 16920 20837 20232 31864 36966 8486 24465 6638 15729 6225 10572 27306 19049 10758 17047 11507 25531 
6215 10029 26153 14851 17579 14694 16386 9591 14517 14781 6149 0 18640 28664 15536 20205 15838 25651 31078 10215 23655 1971 14345 9084 16671 20330 12395 9378 12107 6888 20083 
15150 14073 35027 22443 26667 27898 28374 17038 22109 17991 21388 18699 0 37538 14913 37147 18225 34070 39627 17434 40597 18658 7401 26806 27967 32986 21662 11324 19718 15078 28183 
30099 25637 4882 19052 41794 33152 38089 23382 21033 39720 35798 26622 43258 0 28417 18254 26566 8645 3485 37696 21709 26820 34261 31787 40173 10779 17190 27762 22792 26295 11917 
12068 9542 25312 11598 28161 24958 25384 10489 11264 16350 18307 15616 10584 27823 0 32987 7380 23225 29912 14444 37515 15576 11038 22500 24981 22141 17231 6793 8873 10547 17338 
28538 26878 20785 24105 26348 16266 18564 24435 26087 35208 20179 20469 39336 18530 32591 0 30740 20282 23966 27187 4998 22708 35041 15692 24727 13474 18144 27345 27845 25092 17278 
15645 12275 23350 9636 31180 26737 28628 8527 9302 19594 21551 16977 20127 25861 7374 31025 0 21263 27950 17688 36665 16852 14282 21141 28221 20179 15269 10037 6911 12806 15376 
28107 21579 5674 13549 43844 34240 38877 17831 15482 35662 31880 26370 34069 8185 22866 20087 21063 0 10322 33638 28640 26245 29774 31716 41219 9735 13396 23704 17289 22110 5792 
31976 27514 5084 20924 48789 38109 43644 25254 22905 41597 37675 32211 45130 3464 30289 21296 28438 9596 0 39573 24751 32218 36138 35585 46570 13604 19067 29639 24664 30408 13789 
9708 13305 34259 21683 13010 15577 16053 16908 21349 8346 9815 9599 16294 36770 14327 29128 17639 33757 38859 0 31359 9075 9177 14521 15650 32226 21393 10556 19132 14026 27423 
29870 29693 29806 30298 29377 20862 23160 29724 32567 36600 23138 24721 40728 25202 37624 8128 37218 30059 30638 30880 0 24040 36433 20952 27756 22485 26476 31451 35301 27026 26300 
6739 11106 26362 15060 16304 12942 13467 9791 14726 15305 5274 525 19164 28873 16060 18911 16047 25860 31287 9258 22361 0 14869 8209 15721 21064 12687 9930 12316 7097 20292 
11419 10342 31296 18720 19571 23243 23719 13307 18378 7163 17757 14967 7110 33807 11182 33191 14494 30794 35896 8855 36641 14928 0 23076 23316 29263 17931 7593 15987 11347 24460 
11817 17330 31844 20085 12717 7208 9990 14834 19751 22037 5386 7795 25896 34355 22716 15991 21072 31342 36444 14019 19619 7114 21601 0 11809 25991 17638 16165 17341 13162 25825 
16042 19856 41490 28233 3183 9731 5195 22821 27899 20470 11801 15223 28965 39618 24262 23532 27574 41166 46090 14294 24960 14699 23016 13130 0 34347 27729 19190 29081 19939 35842 
23682 19220 10826 14147 36625 26544 31481 16777 16128 33303 26121 20013 32139 10364 23512 12830 21661 10324 15800 31279 18947 20208 27844 24034 35004 0 10773 21345 17887 19878 7320 
13875 11047 14268 8009 31507 23057 25324 8601 9722 23503 17405 13273 22036 17469 16751 18063 14900 13766 18868 21679 22819 13150 17741 15972 28204 9411 0 11254 11169 9001 8078 
5682 3964 24918 12342 23995 19712 20578 6932 12008 12409 11764 10370 11363 27429 7202 28254 10514 24416 29518 10503 31573 9032 7068 17192 21040 22689 11467 0 9598 4969 18082 
12550 8088 19283 5560 36933 22550 29628 4340 5226 22053 18788 12790 20842 21794 9639 27493 3923 17196 23883 20147 33618 12665 16547 16954 29914 16112 11082 10213 0 8619 11309 
5787 3082 22633 10917 20735 17505 19542 5648 10583 15407 12038 6128 15141 24982 10980 25460 11904 23195 30856 13583 26896 6093 10846 11895 19827 16816 8796 4347 8173 0 16657 
20979 16517 8999 8439 38323 29966 36624 12769 10420 30024 26816 21219 29007 11510 17804 17209 15953 5630 13599 28576 23335 21094 24712 25383 36157 5828 8334 18642 12179 17048 0 
