25
5
5000
20
255 178 177 113 153 220 138 277 150 206 64 215 256 221 78 179 183 206 116 193 72 164 243 95 
0 15783 27391 27190 33058 17194 14946 8260 17901 19911 7100 10812 29851 15761 13720 32740 15059 15605 10979 12935 22564 30698 16819 17514 13859 
15485 0 45955 45754 42584 32675 3878 23735 36672 34714 15050 6334 49411 26044 16301 52300 26957 176 26470 15516 7972 42699 5751 32958 25744 
29833 45992 0 825 8575 14814 43045 21605 18042 22769 32096 41021 6288 20885 42285 4896 24010 45814 18784 41471 52773 25803 46163 19219 22797 
30042 46201 825 0 8209 15162 43254 21953 18390 23117 32305 41230 7643 21233 42494 6251 24358 46023 19132 41680 52982 26151 46372 19567 23145 
32965 54802 13144 13485 0 11174 44936 17023 12500 16982 39537 42912 16633 17662 36496 5481 31451 54624 25651 35684 54664 14455 48054 26660 30238 
15634 28071 15205 14757 11496 0 25124 5856 10581 15269 19388 23100 17418 8124 24990 21877 17636 27893 7678 25223 37945 22191 28242 12929 16423 
13160 3276 43630 43429 40259 30350 0 21410 34347 32389 12725 4009 47086 23719 13976 49975 24632 3098 24135 13191 5871 36435 3119 30633 23419 
10753 23185 21787 21339 27207 6176 22348 0 16121 21277 14502 18214 24000 13667 20104 28459 12245 23007 3975 20337 29966 27740 24221 11663 11032 
23369 31838 21861 22202 14038 8905 28891 14743 0 6457 26255 26867 21449 4922 26235 18139 27023 31660 16382 25421 38619 10556 32031 22232 25831 
24335 36976 24015 24356 16192 15049 34029 20898 5662 0 33356 32005 25025 8866 25589 20293 30599 36798 22675 24777 43757 4072 37147 25808 29386 
6950 14632 32841 32640 39504 21073 13795 10058 29093 31037 0 9661 36297 22684 12624 39186 13825 14454 14858 11839 21413 35083 15668 19826 12612 
10105 6673 40575 40374 37204 27295 5836 18355 31292 29334 9670 0 44031 20664 10921 46920 21577 6495 21090 10136 13454 33380 7709 27578 20364 
32002 48161 6301 7656 16888 16983 45214 23774 20211 24938 34265 43190 0 23054 44452 8827 26179 47983 20953 43640 54942 26684 48332 21388 24966 
14319 26927 25381 25722 17558 5936 23980 11778 4555 8642 18073 21956 21691 0 24196 21659 23353 26749 13413 23384 33708 13075 27098 18646 22524 
14020 16389 45010 45351 37187 27868 15552 20551 25122 23164 12769 11418 44485 21978 0 41288 24676 16211 23276 3966 23170 27210 17425 30677 23463 
32917 53105 4909 6264 5274 20544 50158 27335 17489 21220 35180 48134 8827 22651 41540 0 27094 52927 24514 40728 59886 19444 53276 24949 25881 
15465 26569 23950 23502 31324 18757 25732 12845 25941 31626 12673 21598 27159 25604 24561 31006 0 26391 12273 23776 33350 35725 27605 7381 2000 
15307 176 45777 45576 42406 32497 3700 23557 36494 34536 14872 6156 49233 25866 16123 52122 26779 0 26282 15338 7794 42521 5573 32780 25566 
12525 24954 18210 17762 23630 7774 24117 3115 17086 21774 16271 19983 20423 14629 21875 24882 10779 24776 0 22106 31735 33426 25990 7958 9566 
14364 28205 41045 41386 33222 23903 27368 16586 21157 19199 17855 16504 40520 18013 6534 37323 27120 28027 19311 0 34986 24831 22511 25846 25907 
21460 7530 51930 51729 48559 38650 5871 29710 42647 40689 21025 12309 55386 32019 22276 58275 32932 7352 32435 21491 0 48674 12439 38933 31719 
30537 42313 23452 23793 15629 17989 35728 23838 8602 3619 35055 40210 26941 12472 27288 19730 34205 42135 25615 27866 49094 0 43349 29414 32992 
18647 5705 48418 48217 43377 35837 3119 26897 37465 35507 17513 7127 51874 26837 17094 54763 31046 5527 29622 16309 13130 44019 0 35421 28207 
18086 32244 21466 19001 25865 14126 29297 11768 21440 26167 18348 27273 22658 20973 30236 27117 7356 32066 7642 29451 39025 30266 32415 0 6211 
13866 24957 22338 21890 28754 17163 24120 11244 24353 29082 11061 19986 25547 24018 22949 28436 2015 24779 9605 22164 31738 33155 25993 9094 0 
